$ANSIBLE_VAULT;1.1;AES256
66613839316334393466386565373665666162623863396136616437303862316463386432653235
3661303730646564643964656239323533343865613430660a396134366162643438343663336137
36326338653262333238376436643064336364363935313662663966363066346436343234346133
6463313064313136340a666638623164346331363966666135643832353632643937666532663134
30376163653766656664653735386332633564663339386664393161303533656136393866396334
39616662373831383565653864633131396165393934626363373539353363353632393362623638
30316232656431356538663332316666373535396532623662336263643163363738616234306634
36376165396235336537383064626233306133366634363163626464623537333236323331326361
38346539653862626234656663363862623535653166356265623335393135386434306332396433
61333736373732623461393039336464633537366131646565653763396263656664333934356165
656336383439623234613037613337353432
